Word = disgust   sadness     anger    happiness     like      fear       surprise
靠不住=0.23073351144312018 0.1362922349253983 0.18940176717622564 0.07550632038385502 0.13489472911427447 0.17715404676208976 0.05601739019503657 
筛选=0.21259341146638344 0.23800403713996643 0.06858374259017214 0.1589468880069727 0.18467247864171604 0.0806648495033646 0.056534592651424714 
蓬松=0.16187278975607491 0.09730969560183748 0.07818710023790508 0.1606426494369113 0.3266678756449445 0.09347050834677695 0.08184938097554975 
闭塞=0.2618500731390454 0.18607859069653016 0.14099165590205104 0.07931125952609769 0.1014618446398417 0.13429552112668164 0.09601105496975235 
把酒=0.1568816373448933 0.1373230081103412 0.05103147808025366 0.31936181689302146 0.19886720553293497 0.08497833076934008 0.05155652326921514 
一网打尽=0.1592714314549336 0.07002594097593724 0.05765596665454002 0.25684922952759537 0.25822249870679725 0.10688561652302934 0.09108931615716723 
最著名=0.15776236579479302 0.07204819640161372 0.0545165128625483 0.2621139849919847 0.25093179735290777 0.11733963913048183 0.08528750346567056 
专访=0.23466550413993853 0.05555596430538857 0.04243658447253815 0.24284448362706765 0.27258847324750923 0.07894438515077319 0.07296460505678475 
侠客=0.05707476831176274 0.040608772625071024 0.017650979807278377 0.15989327816254217 0.26706186586774405 0.4079171559753395 0.04979317925026219 
母爱=0.13337447507373068 0.08917963621717562 0.06456072816384574 0.23529651992398581 0.3146464996602612 0.09529288406842427 0.06764925689257666 
叮嘱=0.19022479738371253 0.11286020162399062 0.0817955668590812 0.2222026335243204 0.24063181098649708 0.09212449622089132 0.0601604934015068 
揭晓=0.13950904747475293 0.05078643130305394 0.05003438578835372 0.33088909680515727 0.28591979997985806 0.07050158745282828 0.07235965119599576 
锤炼=0.15591477368331788 0.08129096419997109 0.06403003296794588 0.24276049658358353 0.21647072995790712 0.11780170312869549 0.12173129947857901 
对峙=0.22167688102144079 0.1086842189826028 0.28462176954639357 0.14182323937714225 0.08599504525377806 0.08318876843927246 0.07401007737936999 
要好=0.20069393103941138 0.08264979323075816 0.0974652466947684 0.22801582220824895 0.24910229074939264 0.09510708316784613 0.04696583290957418 
分配=0.23237558545744635 0.08967974796323906 0.1260572827795163 0.1836912888035532 0.22184944905255252 0.07891737854232608 0.06742926740136654 
庸人自扰=0.26073217014927974 0.1599122749026274 0.13471537800476918 0.17487413128293625 0.12870374221678899 0.0927177815790566 0.0483445218645418 
幸灾乐祸=0.2550269984758235 0.12699246320209837 0.16985667978458238 0.23138254262694408 0.08225314796571168 0.08400228639849848 0.0504858815463416 
造谣=0.2532650062511935 0.08721847979250058 0.23229008565643455 0.09364063933472251 0.15981953826922643 0.10426497093315566 0.06950127976276663 
投递=0.3429874881691301 0.0924450702993005 0.12533630264754073 0.14742260963317308 0.1814041796657459 0.06616143769579173 0.044242911889317976 
屈指可数=0.17411841373982745 0.21720838167839096 0.07467005722407571 0.19589309457849363 0.1977783876798127 0.09338915504243182 0.0469425100569677 
叫嚣=0.38928801774036087 0.09559272979703543 0.16450574094594658 0.1489050275094543 0.07309585220522526 0.0798791193875401 0.0487335124144375 
说起=0.1784407863234202 0.10711715130557409 0.08023737010797183 0.19264932876960136 0.20734770781871875 0.12728208192874163 0.10692557374597214 
行经=0.1449211169428283 0.10410590445877942 0.09336171785601678 0.1561631696898923 0.2609194853592678 0.1849106897103166 0.05561791598289873 
得法=0.26728138098323456 0.1674056111362607 0.1724967183647815 0.09094302968091514 0.11773915106261551 0.12173348443093703 0.062400624341255574 
回笼=0.23277860322585414 0.1085778844855501 0.08591188391453584 0.22647040717423936 0.16546676456061826 0.13260420695206243 0.048190249687139704 
拾荒=0.1890978525950727 0.1386208736992511 0.13674220372434592 0.09889578463751356 0.16541209431888002 0.14451276744651023 0.12671842357842644 
枯燥=0.2165639975264083 0.12989680977518134 0.07606965027281945 0.15419302616564232 0.26562687353078834 0.11213915533490086 0.0455104873942594 
调训=0.19796508250877734 0.1242600941537086 0.1115509186638399 0.25028742389669845 0.16059769406353933 0.09332997831095259 0.06200880840248381 
比照=0.320652764555929 0.10724223769343157 0.05865296640366922 0.19716788861487294 0.14079465469701927 0.09911306845303401 0.076376419582044 
聚精会神=0.16914792047231492 0.07342602188263292 0.07977137640446605 0.21050346532527592 0.11851420099217029 0.08954487946566986 0.2590921354574699 
萌芽=0.24358880167284933 0.09418821158620959 0.0703059063896599 0.25847764527060657 0.19461804059425739 0.08599905465666766 0.052822339829749536 
调试=0.18652491639444296 0.08832843649583139 0.14391261863449992 0.22656497311932727 0.17839656913722984 0.09558049772517466 0.08069198849349399 
絮絮叨叨=0.31526273138671396 0.11254694481264665 0.10060937157685249 0.148256863917592 0.18868819231884787 0.08892025202501856 0.04571564396232863 
制订=0.19662505085897056 0.109576544724608 0.13365806853463427 0.18343750879467424 0.17472702662092832 0.10011823872889855 0.10185756173728609 
叫嚷=0.39500377631421907 0.08606620483662204 0.20561357298684957 0.099456931138582 0.09203393651116032 0.07444936856357785 0.04737620964898933 
听从=0.16707334460815668 0.15432759575807303 0.13592611563640414 0.1569341140255949 0.2235304815281442 0.10753958366335874 0.05466876478026823 
并进=0.15330221993847068 0.0850047993600187 0.05194509556680832 0.25170313011918993 0.28495640117275095 0.10547899671993981 0.0676093571228217 
腾出=0.2307222279400619 0.07631292852996374 0.047525163773524934 0.25908129147926234 0.21695169125588637 0.08694591931373673 0.08246077770756408 
折返=0.21079973721365233 0.15355061331430397 0.1464041121260657 0.15649122599882576 0.14944842000799044 0.11901642078774052 0.0642894705514213 
寓意深刻=0.15043655970365127 0.050004637141911515 0.053881359091346635 0.35714630298434963 0.2296363399445418 0.08676128122603513 0.07213351990816398 
看门=0.22142746152426737 0.106511861579852 0.2150036674561837 0.09966202236830642 0.20199237087517757 0.08434480903613976 0.07105780716007315 
生养=0.17514851375089285 0.08159880802508128 0.09558005909262893 0.22483045135660545 0.21506140407073066 0.10266675387895578 0.10511400982510512 
叽咕=0.17963750015906463 0.09018586498424214 0.08011446257423299 0.21821549253533964 0.2605814625779952 0.10849263380221205 0.06277258336691333 
倒下=0.19335086319041833 0.1461634187941219 0.09811281203649255 0.1708478150696481 0.14749408401237357 0.15269168587584245 0.09133932102110308 
合十=0.13244011834067426 0.09628534259944503 0.037442183302731476 0.1874341315934479 0.374539341633499 0.09061423782140139 0.08124464470880088 
慌慌张张=0.2164137110139994 0.17980172016696883 0.09381750089345209 0.11964941344653339 0.07980816185964483 0.17631344239906396 0.1341960502203377 
逆转=0.16456520700100266 0.08976069512561463 0.07228295117669711 0.2217286506356336 0.25948878421195976 0.1119161108899421 0.08025760095915012 
重塑=0.1911858015237669 0.09788937702139378 0.09375393197248236 0.15946359393938253 0.248768017408108 0.0964886458246706 0.11245063231019602 
特立独行=0.15270650145862055 0.12714057863079983 0.06421642891998221 0.18276974950276098 0.2252086770339223 0.12004980720968565 0.12790825724422844 
修剪=0.18536992695591578 0.11170823398390993 0.0950820808629554 0.2105779492000546 0.1950091832698783 0.11102229510362319 0.09123033062366277 
不善言辞=0.1446434250199296 0.14223268273485679 0.053604872057743815 0.18704603138724696 0.3081929152140516 0.10401297149165177 0.06026710209451938 
葱白=0.19768450314619693 0.07882006184272826 0.09326078675291571 0.1605313260120398 0.23428903227741482 0.11804986497063451 0.1173644249980698 
回答=0.17791272957175147 0.09258251204123677 0.09653152803209374 0.23865160842236294 0.1704659437917428 0.1121511234381985 0.11170455470261384 
怀恋=0.15751232106551583 0.23063423943782807 0.05155207923509041 0.19605621812701443 0.22275569439280446 0.09627472658162947 0.045214721160117204 
缺心眼儿=0.27316363224008094 0.11841389731019429 0.22733950560724592 0.1296818121813303 0.07833511230754892 0.1008192564675907 0.07224678388600891 
烫发=0.3425653206815293 0.07965681383904417 0.07900631064692226 0.1608368375452419 0.21862900653414452 0.06972846473449859 0.049577246018619264 
堂堂=0.3448981923453363 0.06743580713506489 0.12126143715728577 0.18691235244942 0.15371890145857017 0.07909306977260974 0.046680239681713205 
挥汗如雨=0.15351993885410709 0.06439543632203766 0.058329174708666505 0.3615585569392132 0.22186493813962038 0.0795878842290378 0.060744070807317335 
猛追=0.2034776341981539 0.09708351591733774 0.06830083101057317 0.2887479172184689 0.1603701112965616 0.11116603369858435 0.07085395666032035 
展出=0.13422467248926168 0.05731861543397884 0.044044650848991944 0.21308635975277093 0.24273607340594336 0.06879608694064554 0.23979354112840773 
享福=0.15341956364816053 0.12110799220516577 0.1385901976077904 0.23824693315763604 0.23334697133090726 0.07593766778263997 0.03935067426769994 
忽悠=0.2875609925339011 0.12341865082263154 0.21702147461659493 0.12657692695566325 0.09587458436711106 0.08398349303254397 0.06556387767155428 
累垮=0.21764203839073404 0.1656724690550442 0.10358841319762642 0.15965449676948554 0.17146628545564405 0.11152085902314132 0.07045543810832443 
烹制=0.1269419633504266 0.04441245849470288 0.03916627637243289 0.2066425251670785 0.27933439325736686 0.2533435890898978 0.05015879426809442 
幸运=0.1483953606405859 0.06859021664113468 0.04971839503808882 0.2697770717272609 0.32895436180499604 0.0852187953606135 0.049345798787320275 
附上=0.14513919966628402 0.0802932682051959 0.04271578265942758 0.2627730689624213 0.3139566906306086 0.09034790750355991 0.06477408237250268 
沉寂=0.1599530203019813 0.23528186417394406 0.06158795517661176 0.19400758004963503 0.16783052045227748 0.09916416685174125 0.08217489299380919 
甜蜜蜜=0.12802717592695673 0.051195674901791 0.02914877700692961 0.26340655424001097 0.3900651713232199 0.10227582912129948 0.035880817479792305 
鸡婆=0.3114816141512764 0.12729861760825692 0.22873832578277287 0.09238221230208056 0.09951277103080254 0.07231107537245465 0.06827538375235619 
向前=0.05584392480049109 0.034927516055047195 0.01909748957894322 0.2128940260624848 0.42104021893646226 0.23756784174776183 0.018628982818809658 
变天=0.29563005481543897 0.1279412706319172 0.146235431177074 0.10639740672726548 0.11645540475620689 0.13536729038485343 0.07197314150724397 
抑郁=0.26178144692551497 0.2238474465569744 0.14143966733758823 0.09736396831614666 0.09539046142058022 0.12818076184142316 0.05199624760177242 
拿药=0.2192691512707119 0.1459555142112219 0.10993085537909085 0.11026410171531287 0.11640381432183859 0.0899840778387612 0.20819248526306278 
有气无力=0.260443020612833 0.2121927032007126 0.17449809782367875 0.060312380418570906 0.08591422642536799 0.14096860581990642 0.0656709656989303 
柔润=0.1563843290124141 0.11330410526744869 0.058235901081784246 0.20190374148560547 0.3240945937389327 0.08089749687016431 0.06517983254365042 
搭建=0.14926869854827846 0.07530389217751328 0.05227978328035224 0.29509942021109736 0.22567136422534342 0.14692625747914043 0.055450584078274884 
酿成=0.22251286219848443 0.2781662321669694 0.11815941565878665 0.07663216247851533 0.06702810321358743 0.14530187494627386 0.09219934933738295 
赞成=0.16622039084181658 0.05566939678273258 0.16934521546363954 0.2567985637678202 0.2268576145413364 0.07376636366339959 0.05134245493925529 
家教=0.29068085697987506 0.11752894331222287 0.18102273636142197 0.11516204216429342 0.10277666126578923 0.11017588685198225 0.08265287306441527 
明目张胆=0.25739792312946863 0.09011194935363141 0.24085547819168623 0.10690081415785514 0.09162029402570751 0.12444445169537205 0.08866908944627917 
神不守舍=0.2559598490607788 0.204472940339313 0.18891720824101377 0.05508996632402949 0.07115449107507812 0.1254010512783299 0.09900449368145695 
著称=0.13597144002721664 0.08439239537943338 0.04047252386863862 0.18014497828979772 0.24297049530882478 0.08766863941832 0.22837952770776893 
坠毁=0.21421443340590626 0.15400526317541857 0.11931620752232046 0.11955686244116673 0.21525421603295358 0.10752337318681941 0.07012964423541494 
回味无穷=0.13369374803710293 0.1154062919275745 0.03461703695372695 0.22981689984181078 0.3642667900839613 0.07725073569294219 0.04494849746288135 
压抑=0.2679462379013769 0.19256802446430335 0.15192957893382597 0.09661653270599059 0.11202110971102844 0.13076194142076789 0.04815657486270679 
衰竭=0.26536053507059254 0.3007538749880877 0.1206695918939577 0.06310077460194699 0.08249387063789533 0.11057073680277794 0.05705061600474181 
跨入=0.1841758818822894 0.05671564801995455 0.03984153126801329 0.2390456532311191 0.3672963811124231 0.0697501435434279 0.04317476094277266 
车到山前必有路=0.15905100774570313 0.175173634268684 0.070343331822375 0.26772336299561345 0.21489780061768932 0.05973152600349096 0.05307933654644424 
扣除=0.22025511402131534 0.10048986004398908 0.1405376281749632 0.11174258003080495 0.10318173874357901 0.1056935547483888 0.2180995242369597 
肥沃=0.17426776311081765 0.12796762594011205 0.1223132023074281 0.1409043684786095 0.1517295015990386 0.2234629109934933 0.059354627570500945 
审查=0.1902013793893112 0.08668206015745517 0.14527631037664201 0.12480389331563821 0.13245050274170295 0.25988339938940686 0.0607024546298435 
适逢=0.26179733464451227 0.09437725190490485 0.06506345730657125 0.20095665872556986 0.18641921293989738 0.08778278953444298 0.10360329494410143 
须要=0.20143984012893412 0.10451306369680798 0.11295839469009673 0.21737819764382252 0.1895099926964094 0.0954477330429909 0.07875277810093814 
着边=0.20831363608801673 0.2514036681944009 0.09361156137593363 0.19194599402859955 0.11592523051101206 0.09017583130562638 0.04862407849641068 
事在人为=0.17404607535935174 0.13039171734730257 0.0874046357432605 0.15200625736506984 0.26805106556548625 0.11276454005903372 0.07533570856049544 
起开=0.35561284756462974 0.09726799532297412 0.08805075855860454 0.18492645421447024 0.1477911915577539 0.08694362778207687 0.03940712499949069 
召回=0.21554709959921978 0.0885773706089247 0.2930555816666283 0.142351494317303 0.13680989434854057 0.07091815997123409 0.052740399488149466 
强硬=0.19430587780773262 0.06724947389510602 0.30096219743541697 0.1340278661402007 0.17440949690055255 0.06815703315512901 0.06088805466586217 
无牵无挂=0.14687080294787874 0.0750009296753089 0.04899804044247267 0.2683115317281882 0.29918725950205455 0.10647034883235203 0.05516108687174496 
逗趣=0.1309861201727405 0.04915834715102334 0.1642324101761785 0.2859786435103427 0.1773507013326353 0.07794085150647302 0.1143529261506067 
录用=0.1788381895930988 0.1717044961816827 0.08921818772447626 0.14505991314798786 0.2079700974556237 0.14838440715596246 0.058824708741168186 
同化=0.1789336346860323 0.14543666272691858 0.05280417162743432 0.14798946743214786 0.3288816126094016 0.09173806786407757 0.05421638305398775 
抱负=0.13251301150255765 0.1602993076892096 0.05788656960331882 0.12347493274082384 0.18711706847051887 0.11328500167625556 0.22542410831731566 
祖传=0.17399649095151615 0.0660300153823684 0.05438642701079718 0.3384762812740698 0.1920419196400789 0.07297331251258062 0.10209555322858906 
装点=0.1383868277594536 0.054664245689619875 0.05782558385861706 0.2920235683085386 0.31979252569263855 0.07587299449273503 0.06143425419839735 
逃逸=0.2542905308775974 0.08171309682342547 0.3126854050384675 0.06787180513675185 0.043821381893037865 0.16492096356192454 0.07469681666879537 
质检=0.20390138228466292 0.09765901609055963 0.1635014341900407 0.22225061847132413 0.13797121744924318 0.07709196808512843 0.09762436342904102 
护身=0.16868447749898116 0.07615650201885024 0.06281618081326568 0.2193116666146309 0.32440570634902277 0.09717677552064513 0.051448691184604094 
迟钝=0.28432124795518793 0.1619136062529097 0.14766004654888484 0.1384473689265847 0.1042138143420755 0.0970145781359094 0.06642933783844795 
下贱=0.3350750302121885 0.07671057854625106 0.25777444898345336 0.07912086218758907 0.04543166956221216 0.16502140648221464 0.040866004026091356 
翻脸=0.30136128207861684 0.08654265338920171 0.2891095277068733 0.060741228342193206 0.05574887002684279 0.1471336680285594 0.05936277042771286 
临行=0.1718123778802156 0.07287126342867437 0.06678984458195159 0.2524019046344048 0.2506664086524979 0.09782485953428807 0.08763334128796768 
饮水=0.23379465252219528 0.10009651936734205 0.19462473491039348 0.14952498010895643 0.13821080806084346 0.08238529968148094 0.10136300534878845 
闪失=0.25820031138984384 0.06838477174425213 0.17860688837277713 0.10987477737483153 0.08674454358338325 0.15425620013253863 0.1439325074023734 
鬼使神差=0.23265394435858894 0.14540306387007748 0.09343523317177374 0.10711183274856717 0.09786346057379033 0.09620355352629753 0.22732891175090475 
得济=0.282770293000221 0.16846719012638403 0.11669575965078327 0.15020364435767827 0.09592405209460787 0.11582985955827946 0.07010920121204609 
封山=0.23524121991019045 0.12557044284384974 0.1673740373104281 0.13613874526667502 0.15279899528000326 0.11327282396006824 0.06960373542878519 
领衔=0.14441009405134056 0.061998069870382845 0.05008428847552574 0.26157689413376656 0.31296052804453794 0.09563078210506462 0.07333934331938173 
见到=0.20514184134040092 0.08895671114614283 0.09161403650270653 0.22535105978921677 0.21288048853442892 0.09601079389385161 0.08004506879325238 
非同寻常=0.17467386553086653 0.08373301504930429 0.0632922000157071 0.25232143760863035 0.19835381181048342 0.12106095737466764 0.10656471261034065 
大打出手=0.20881326102141992 0.07619001104258609 0.19264595721397637 0.14809791154187676 0.09670914492373865 0.10476797807893509 0.17277573617746717 
谈论=0.23239733702131735 0.09428737327717485 0.12902376342477517 0.19985789891441758 0.19149125612351361 0.08292434463281988 0.07001802660598147 
潦草=0.20414343615531175 0.21983066038416857 0.12510800516651507 0.05852032382846402 0.09246140629544987 0.15918287136606135 0.14075329680402934 
机械化=0.17859385324377586 0.1154949229784668 0.03740903541728021 0.13969034746312864 0.20080820514947773 0.27118578260010767 0.05681785314776315 
海市蜃楼=0.16876230658065342 0.09630325083014611 0.06037994350656469 0.19183623360577276 0.21724993360725586 0.11657826232760868 0.14889006954199846 
怂恿=0.23954902217271923 0.11415194618510785 0.10372294228732497 0.17063170963703472 0.18218353479093685 0.09512445168488569 0.0946363932419907 
变化多端=0.19404940788923444 0.07158933293024049 0.15146806196716803 0.13397015060147854 0.15048317381423512 0.25920064044492275 0.039239232352720636 
生出=0.22812071524883654 0.09319512061389011 0.13971354854416432 0.21062583506766644 0.1551430702178703 0.09013946114658199 0.08306224916099027 
冷不丁=0.3606976103756578 0.09016522042402494 0.08818839906144205 0.1496754491125766 0.08748894373971369 0.08590251683239547 0.13788186045418943 
着迷=0.13488123572799995 0.11052459760575996 0.05059867350216615 0.23392866200348342 0.27348269436151285 0.14508880709810623 0.05149532970097148 
跨年度=0.20215258544961784 0.09172139265920314 0.12524146280901974 0.16203692490971336 0.24524002183990445 0.09643439670068421 0.07717321563185728 
ccav=0.24794892129739807 0.12725676973187136 0.15529375151706845 0.15736294641545207 0.08794880371780266 0.10064637804835104 0.12354242927205643 
审核=0.2215931282378759 0.06721447799280288 0.07754824638532169 0.26948551124348824 0.23565707753067927 0.06682061747949707 0.06168094113033497 
打颤=0.25373905940110886 0.13751786937544358 0.09719264199469131 0.14746259791646452 0.1388968063326225 0.11522303307045856 0.10996799190921071 
随波逐流=0.19687636410103765 0.11828294701697195 0.0998339876914862 0.19528606838609136 0.2163414328045559 0.10944852457863753 0.06393067542121936 
看得起=0.2030040834659687 0.14126349515892334 0.2237426933520585 0.13969960777805704 0.09606461862330386 0.09020554126511969 0.10601996035656891 
谈话=0.20165803089812862 0.12281709026837892 0.09710206056364329 0.1835605127105325 0.1674119779034172 0.11289310345110598 0.11455722420479346 
本色=0.02502692723615803 0.015511803024230223 0.00913727543267274 0.1539174475313954 0.36531867069264107 0.4207299538843409 0.01035792219856157 
名不虚传=0.16694295112040475 0.06623136575513876 0.11528144955195281 0.2469564294444467 0.25338687733190823 0.07891748652647979 0.0722834402696691 
逃避=0.23740548635357864 0.16588126375179119 0.10174586023378605 0.1004213256761225 0.1300073975645037 0.21753708115548873 0.04700158526472901 
合口=0.17683576025713604 0.0608511855155803 0.06573654661555145 0.3711057149310837 0.18348968923667444 0.0816660115725032 0.0603150918714709 
劳累=0.16757105408524092 0.1402725103073508 0.11582396321339247 0.1846320231443514 0.21635664241992578 0.12116944748250465 0.05417435934723389 
参展=0.1699328893440362 0.07668861738583871 0.08117679768823186 0.2546156698691547 0.22936055594847699 0.09167399770326118 0.0965514720610004 
毒物=0.1959273657961211 0.10554722463133723 0.1416120832341495 0.15423030607554314 0.11402386690757939 0.12338325433652703 0.16527589901874257 
赶往=0.1633273551119923 0.1049891699164755 0.06132764682857831 0.16476696477294558 0.17912401707013392 0.26822952883166984 0.05823531746820453 
解乏=0.22310695324054686 0.09913644211080866 0.13192211948086308 0.2178868981921348 0.16552065486763562 0.0970273209351532 0.06539961117285777 
规划=0.17859101844106212 0.08816174887324411 0.08801598540716186 0.1876995990577735 0.2399724818544395 0.12277157412164096 0.09478759224467799 
将就=0.16503777565577707 0.10458460415267615 0.1274004188066274 0.18224772113028626 0.18948813739201206 0.1734695642740641 0.05777177858855705 
快捷=0.19318400546342263 0.06945714503081798 0.11235889819274528 0.18252583393025035 0.1981987527953483 0.16771012061592125 0.07656524397149428 
恶劣=0.28963582752780126 0.12183554848982846 0.2971553378790875 0.05606325165028695 0.05599399375163607 0.11760278191584311 0.06171325878551665 
不赖=0.15903469219875213 0.10170624203466991 0.046843430834756394 0.2737116555094039 0.2183493578842194 0.08131592222659524 0.119038699311603 
辱骂=0.2135286397937224 0.06303413192296349 0.31750779175323834 0.0802885128061506 0.11252283230320231 0.08926342120551767 0.12385467021520519 
筹资=0.18319473482872567 0.09794383228382803 0.0696629339156809 0.1655106451878585 0.13478040002423164 0.11778988525607209 0.23111756850360324 
重大=0.16427747437722526 0.08021163634617133 0.13398578837398287 0.21372737850475798 0.19598492942357118 0.09692673321625436 0.11488605975803698 
说三道四=0.4076651107373021 0.0594121209237822 0.33190369546288345 0.05152880796772077 0.048524372685544014 0.059341540944815016 0.04162435127795242 
说实话=0.2758408974807152 0.11411940162529086 0.09398139680394556 0.16702154063415162 0.18705436226765698 0.10251269463140415 0.05946970655683562 
医治=0.18661985277384582 0.17327629211461298 0.13934671715992347 0.1354160538774163 0.22004766487805563 0.09577646328416019 0.049516955911985565 
伤残=0.362099642839437 0.14350800901944502 0.12000107149193141 0.14000525525084495 0.08233699345177005 0.105951359187486 0.046097668759085504 
连锁=0.23280880463316436 0.09092346870382349 0.06572924984071288 0.20525552090922913 0.2386183931321465 0.1135865328657176 0.053078029915206035 
重复=0.24131797925099344 0.14709859665637498 0.1385176268038117 0.12742455342978315 0.16431840191825633 0.1140541534087479 0.06726868853203245 
翻腾=0.25881740444749224 0.1639648024226488 0.13846684922898242 0.1138102200597125 0.1135699217552578 0.1293279686861003 0.08204283339980607 
侦察=0.028156026674533926 0.015250270634433296 0.004958670949201419 0.16719984157603826 0.53535848673176 0.23321248798857167 0.015864215445461287 
落荒而逃=0.18708137313241077 0.13429537131476554 0.06633970497700391 0.1428342049556037 0.07615495926735086 0.2896839794690125 0.10361040688385278 
醋意=0.1674002613247514 0.12514064681284967 0.05908408522355969 0.24779144735377137 0.15560214129954875 0.11928961854930456 0.12569179943621459 
排版=0.19871308324337125 0.11676117169383973 0.22975780395922793 0.14034174617039075 0.15199310283276388 0.08338648353033865 0.07904660857006783 
到货=0.1711537281031216 0.055085986746567804 0.05670240999313544 0.2875928234901137 0.272526145891133 0.0686876020432002 0.0882513037327281 
能手=0.15141117884663527 0.048369909666260806 0.04232669354881462 0.3554221407043317 0.26165235108496643 0.07471522068374246 0.06610250546524889 
生前=0.17829022909631678 0.1033875983024187 0.07577111829214073 0.17628126741571684 0.2877939942091075 0.10129515845529087 0.07718063422900853 
存照=0.21392600782950075 0.07507315006023688 0.15637769071920135 0.17322766298947997 0.20698888214939862 0.09411711453535733 0.08028949171682516 
了结=0.20139174483478653 0.1354867626551257 0.10073795927499622 0.2015356838884025 0.17207523996899418 0.12643603824179542 0.06233657113589953 
环绕=0.18096757919165202 0.06428248255913813 0.05152617852218816 0.19820211933744308 0.34902300462868624 0.08491056677818165 0.07108806898271072 
选送=0.18136103262445177 0.0845998416774142 0.05402541397805845 0.2273585613910469 0.2903917590980925 0.09097079989298543 0.07129259133795088 
谈谈=0.19711618975664635 0.10590252121810036 0.08669052237278765 0.2498383936942243 0.22695873893088533 0.08440282057416965 0.0490908134531864 
撞击=0.18042407955073234 0.1776179338124235 0.11476392382574413 0.17570700804163356 0.17582758820240268 0.09428465559179743 0.08137481097526628 
爆菊花=0.16733047900811504 0.05268721575954018 0.15639915955052697 0.30381547443348655 0.17475448450420686 0.08117456640584303 0.0638386203382813 
废话=0.33707503209759976 0.07687950236031177 0.2018619819011768 0.12814133203428654 0.12783333297073754 0.07662508106707284 0.0515837375688148 
神人=0.19688836324275413 0.008592218434152943 0.015964926816652045 0.5161248078826035 0.10720205619448912 0.005587523978260358 0.14964010345108789 
慷慨激昂=0.19095055089969395 0.0849680423623256 0.08564010373109128 0.1735670060721312 0.17425329800760186 0.08414237533489266 0.2064786235922633 
义务劳动=0.22195691981692464 0.08872142560034851 0.19727072726388648 0.1527601288278682 0.17619866945246956 0.1003841174854632 0.06270801155303933 
精明=0.18507941406464445 0.08005927399006481 0.1041735433532585 0.20337224580535854 0.21328374705554354 0.10352877471518625 0.1105030010159439 
携带=0.16183070361943133 0.07214993032119998 0.12404613889537232 0.21755545667726264 0.2893607281491923 0.0742553329045932 0.06080170943294831 
嬉笑=0.22252753896160335 0.0713952141051078 0.057857282560061674 0.20183683226613275 0.22354752222610627 0.16542002421394159 0.0574155856670467 
解人=0.2533854319279737 0.17545055916299815 0.15176160253607365 0.19588001735744068 0.07337301708016773 0.09622432271506857 0.05392504922027754 
硬气=0.24997543805742428 0.12728230177062663 0.17892452699511943 0.08497451490915048 0.17452033667536399 0.09929508886857454 0.08502779272374066 
小子=0.19721544436339195 0.09803476916342303 0.12070865114442482 0.23962873181421881 0.19088955936511107 0.08652773702128434 0.06699510712814608 
下跌=0.1904691783768845 0.10227551888147414 0.10935617337646017 0.13775160963671648 0.1945377242170652 0.1742921789140717 0.09131761659732775 
烈士=0.1758718693789962 0.052987064752371554 0.10197608961293043 0.20859059469516025 0.24750934108359265 0.16798090317743225 0.045084137299516686 
上路=0.22457278901598568 0.09445651614311526 0.09813788134615235 0.2372898718313462 0.1944750465498296 0.08569895672539003 0.06536893838818078 
吵人=0.25626815972624434 0.09509319459605978 0.2631952810482194 0.057935516290756696 0.040863697241501754 0.2394338930604814 0.04721025803673667 
肤浅=0.2833418800860426 0.10139070278835563 0.16177449091949317 0.14146562953341504 0.1512321312830483 0.10274078523690662 0.0580543801527386 
热和=0.1663272739129466 0.07130916553653839 0.05567573024331796 0.3379571300971967 0.21378912613445733 0.09463023132398052 0.06031134275156257 
高高兴兴=0.25316712428543975 0.09030712979581161 0.06996742046667627 0.24776261740586566 0.19654793654064262 0.08890447958795214 0.05334329191761198 
献身=0.17253322818584457 0.0956656715593375 0.0759449739178899 0.21518612014223196 0.24219462371336178 0.11503855221395581 0.08343683026737851 
就坐=0.24130658906316246 0.11233348297261707 0.11598712000282511 0.20958573723741192 0.13971857317177513 0.11170819097176327 0.06936030658044495 
血腥=0.23241484986806354 0.13306470790853073 0.1113571399299915 0.10216180964430319 0.1079062386380812 0.2219870301256734 0.09110822388535648 
神仙=0.15482165048527638 0.12368223936148977 0.08250323077394421 0.23351255736242696 0.22287790896109758 0.1156995920717406 0.06690282098402453 
下跪=0.21564503210342087 0.12117883717421182 0.27350562305314946 0.07685291712329431 0.08721361442339935 0.1208241864121197 0.10477978971040439 
两败俱伤=0.2087974704957321 0.19859189638575966 0.12216661754772334 0.10791524249674377 0.1918472437929291 0.10592600203510195 0.06475552724600997 
倒休=0.17396754484765622 0.0575919687669691 0.09144544753277753 0.25614939025423694 0.31475272678503097 0.06241453799838257 0.04367838381494675 
顿觉=0.1880455288384234 0.11341239111865176 0.11817196378299571 0.21015127741126827 0.14251624803364582 0.08624773046953042 0.14145486034548463 
人性化=0.1525087481745943 0.052896423429027443 0.062021291008654486 0.22567868484638562 0.23771605881674837 0.06554992586948144 0.20362886785510834 
晴天霹雳=0.24944273358507235 0.14911442201111386 0.20087300736995922 0.08654081908801683 0.0711194009944178 0.16184317764262054 0.08106643930879946 
听信=0.25219772940874835 0.1456454549787625 0.19403830979715797 0.12539224581438577 0.06677629519922594 0.11643463006244271 0.09951533473927676 
一知半解=0.27878498560167697 0.20048187602475992 0.20288528043524207 0.04928697124712576 0.05339734905049264 0.14384587789786982 0.07131765974283269 
超常=0.13254329305550708 0.055431768602907966 0.03391311109688255 0.23045451861655766 0.4363680023578091 0.06335623389889847 0.04793307237143716 
求救=0.2573655614757522 0.20227864966548526 0.13938587578596506 0.08557749919451961 0.1322271837143561 0.11732735595656497 0.06583787420735687 
狭隘=0.18905043043161346 0.11416417004255568 0.06513711216800663 0.18678210085163616 0.1729192266248923 0.2073158926857262 0.06463106719556959 
误车=0.2651656475045287 0.16030530821513092 0.12924128154677456 0.12347539505014683 0.13948435450599445 0.11243323835183475 0.06989477482558996 
老脸=0.38866939197593364 0.13553324711315307 0.14263279068664142 0.11119493061948822 0.08997148381248726 0.0870843556295128 0.04491380016278371 
抽象=0.17463162881217273 0.08841664675930525 0.06445719101290533 0.21285039191520191 0.27255006845984986 0.08822334511741106 0.09887072792315392 
宽敞=0.14222052227346532 0.1748654139112375 0.04721330016118088 0.27824417969572374 0.22316660253425077 0.06929369539126051 0.06499628603288138 
替补=0.1954808040474276 0.0904351776119931 0.10253946221273158 0.24548521849967803 0.17572085035310694 0.10403385975247281 0.08630462752258995 
Y的=0.23214789916357984 0.09975225062755076 0.1944859614877725 0.1899049880236969 0.10086768429070452 0.10165027585264 0.0811909405540555 
不足=0.23788391870436135 0.15514205720176485 0.1262741994239691 0.12020948867425117 0.1470579625554376 0.13419231466052578 0.07924005877969013 
抵赖=0.18576939764395597 0.06581997036480348 0.11808875785689114 0.28664304360702925 0.1898596497015887 0.09694605486433983 0.05687312596139156 
日久见人心=0.20172472738995317 0.08518292408550741 0.1287074268487956 0.20510672707487657 0.24636822396950722 0.08630644481187574 0.04660352581948422 
战战兢兢=0.27270024760305517 0.1487699813068679 0.1303359602429947 0.12782051284368945 0.1347882408217767 0.09425756452975394 0.09132749265186213 
硬汉=0.17297642945627478 0.07862140002292316 0.09151143579641471 0.20142966773279064 0.2696437413339162 0.11301498160177016 0.07280234405591036 
俯卧=0.17834804080401975 0.08006499088474874 0.06928553472685638 0.23519910591217766 0.26421160035753954 0.10028014179162795 0.07261058552303006 
扫除=0.16441037364676345 0.08421870232292188 0.06380947275720504 0.33878717669932834 0.18743952129111335 0.076911998722006 0.08442275456066202 
求教=0.23385992773135053 0.14604724941260827 0.10263580437477811 0.15149781386067562 0.17055052211762367 0.11455900127681402 0.0808496812261499 
误认为=0.20820190704341887 0.11776655438332614 0.14027113335997504 0.1299073518799702 0.09019338142041972 0.0869091380220633 0.2267505338908266 
问好=0.15177918642759816 0.06463599243503984 0.058319743233386775 0.26025109103825195 0.25238306650407816 0.0805494827472147 0.13208143761443045 
醒悟=0.22199920305442172 0.20806817727221646 0.11479098606920811 0.13793228004970243 0.14973215041499469 0.09866791165781383 0.0688092914816428 
提款=0.2003912752570705 0.10457272766317365 0.16676580948001454 0.1313413571664368 0.07891227518014407 0.24775924396328963 0.07025731128987091 
一穷二白=0.19680131993690853 0.11945697273377927 0.055168171584689576 0.20518576769804917 0.2441863478939814 0.11452043264156622 0.06468098751102583 
阳光=0.10090725488402445 0.05629038543881732 0.029458333547999798 0.22641152762114736 0.3160181219551861 0.23836483575807318 0.03254954079475178 
陋习=0.16723775600938545 0.0902689386988629 0.0757369888915776 0.24386729680786226 0.16661846620201762 0.10317369609754543 0.15309685729274877 
生动=0.15084624531141183 0.10913818566936877 0.099067077610664 0.21191195075899893 0.2832806121027764 0.07540455969833905 0.07035136884844087 
恶化=0.24826246375679317 0.13757235340309276 0.18091272727866567 0.10189396363748153 0.17609047544395354 0.09964789663961372 0.05562011984039959 
高帅富=0.19418437390982957 0.07735838319337118 0.08584980790405006 0.27047024046478196 0.2033821840630073 0.09738131829464097 0.07137369217031879 
同台=0.16828765507260382 0.07580474582912063 0.07334428027543835 0.2584509058285659 0.23673354429091514 0.09601037014104327 0.09136849856231288 
创造=0.14165243279333387 0.0783744993875568 0.0574801731091363 0.2302818545092684 0.3064944363700278 0.09841467084743276 0.08730193298324408 
柔滑=0.14653921823462282 0.07555792554047192 0.048052947210959554 0.18243392298566252 0.38256784224452944 0.08937937998362538 0.07546876380012826 
注入=0.17384613250671577 0.10001831682158259 0.052270519079985166 0.19804789654782745 0.30305819126009903 0.08602154468827927 0.08673739909551081 
容易=0.2258843561111094 0.14583339487538924 0.14393977684411616 0.13829032081128295 0.1546757914367366 0.12668196151597222 0.06469439840539334 
名句=0.16126486432878973 0.058852263914840254 0.08941219689682889 0.2142856876597054 0.14047703270370898 0.2521647886861399 0.08354316580998673 
认领=0.1535325246912207 0.053447940167480355 0.0594123167610242 0.4041166790369586 0.20365386414345152 0.07430280439778927 0.05153387080207544 
名叫=0.16759372556628313 0.09034811636210291 0.0940015712320403 0.24559974882779043 0.17366996597606707 0.10018471597559174 0.12860215606012423 
交管=0.2010131014374031 0.06679789896784011 0.1519721574828104 0.22131071909320105 0.1953452289374454 0.09394699140595975 0.06961390267534018 
歇菜=0.23761362210729997 0.1922096061497318 0.13184067188934515 0.13125843893348751 0.10302036700454126 0.11772199301382366 0.08633530090177062 
感兴趣=0.2005242457812861 0.08870570467110232 0.10361348236139328 0.2402827469700411 0.2286159601493177 0.0703038223302892 0.06795403773657024 
饥渴=0.2297611062377109 0.10215051266540523 0.15927081474734675 0.22085410836786445 0.10455734365998827 0.09745756505906975 0.08594854926261457 
勋章=0.3119942428240751 0.05100857296364029 0.07286477440895518 0.26283526611953184 0.17527452550196224 0.060502969169643005 0.06551964901219233 
耸立=0.18010321770831483 0.11729268244996702 0.15243578914133862 0.14392977505167368 0.16622602541109946 0.11380837225398076 0.1262041379836255 
cos=0.31881965778752736 0.06711223339118529 0.06731742628123838 0.2142033055452843 0.18250418346191466 0.08087733049699973 0.06916586303585026 
初选=0.17459101020647533 0.11883834083672992 0.09279265968269182 0.2057298165188784 0.21062537391414182 0.13149627750594606 0.06592652133513673 
捣碎=0.17103587672445955 0.08896281744541423 0.07383429515793016 0.140118805062882 0.16381022834204537 0.10817024777214004 0.25406772949512874 
代理=0.15509189834725126 0.06983322071396246 0.07513981027972792 0.1729213937642484 0.21285011855310598 0.24628079610694448 0.06788276223475928 
神伤=0.1802004248912733 0.14434005253479054 0.11148520345828279 0.11042417013696343 0.20217694723289506 0.12751401417199887 0.12385918757379602 
玩耍=0.15303894194111142 0.0719030463643424 0.05749250019077956 0.3463724983284334 0.23485847373924165 0.08125627175557966 0.05507826768051189 
透过=0.25806562320846194 0.059951834168214924 0.0397472798169361 0.33552656228313743 0.16755393775961544 0.07510310310827176 0.06405165965536247 
法克鱿=0.3196315668536595 0.1191880494179889 0.33366571051945704 0.03637285339848502 0.0305499842356999 0.09713305178427734 0.06345878379043234 
同名=0.170924827372428 0.08023053999507858 0.056690712714029125 0.21747553841509737 0.22923935960334096 0.1672668840763285 0.07817213782369734 
翻船=0.2685901070108306 0.15872097180895897 0.14711906108688955 0.09669811569886279 0.0887547931631687 0.13174397555460168 0.10837297567668773 
神似=0.16551253169368962 0.0725866235179811 0.06551243135615689 0.26395898741394125 0.17661080633556456 0.10585198573703064 0.14996663394563597 
眼睁睁=0.35534183097880384 0.16980205564486067 0.1590084909679769 0.06863903961779555 0.0869082739381545 0.10496745598887522 0.055332852863533295 
自由自在=0.20590532829635505 0.07138240821918428 0.04630427909094765 0.2627715247912082 0.2814982884268633 0.08581490065430977 0.046323270521131936 
降临=0.1406431881853786 0.07681506136351761 0.043396031052227294 0.22331105819874697 0.33335853272965343 0.1318029182707465 0.05067321019972963 
寻常=0.15925949824976743 0.08026241007058717 0.06773444104875229 0.2306499783215518 0.27113929326234454 0.11416080222666397 0.07679357682033293 
兴高采烈=0.21861302121637102 0.10564932490697446 0.21950714792945186 0.17386724416402533 0.11912028594990651 0.08500259457614266 0.07824038125712826 
宰杀=0.17846863837265167 0.07089064699949539 0.14564851489539166 0.20338625063263857 0.14688606630324746 0.09079743599890887 0.1639224467976664 
假面具=0.3452601755032747 0.10014213072258753 0.055493744058749864 0.23652424880979028 0.14312014434065404 0.0754348270406073 0.04402472952433632 
谎话=0.3217717834938056 0.13548805998023375 0.16369282368105798 0.09198359435971822 0.13525626860504433 0.1066383314754071 0.04516913840473313 
豆蔻=0.1770693241437667 0.06370520107174374 0.11789918094378907 0.19173783688046198 0.23200223296745065 0.10372612530099727 0.11386009869179063 
后台=0.25286672747785893 0.07309538622907927 0.14920971169450617 0.17507213182341946 0.18428776986608314 0.1042274179909578 0.061240854918095215 
看青=0.14244958096462004 0.18226898808535613 0.042899874278040165 0.25573938705124405 0.26995004851679416 0.0664416135768081 0.04025050752713726 
注册=0.21090595450752359 0.09313317203263684 0.08915573433754061 0.22386686408924464 0.21174112766375613 0.091481013921588 0.07971613344771021 
悠久=0.1408193051111993 0.05188216406431397 0.05066636154314112 0.21784298556498752 0.3909752127250628 0.0674214420773347 0.0803925289139605 
无愧于=0.18236222103764338 0.07389188940202063 0.11047901568269596 0.15539907289454458 0.26768439189153526 0.09992275805567587 0.11026065103588424 
预见=0.046347743498797604 0.026011983909529624 0.02646133249074917 0.16927894640568578 0.4453055740093215 0.2735898093058787 0.013004610380037591 
多才多艺=0.16140577928742134 0.0724603736960898 0.05765700000727936 0.2366783887106882 0.27126798765689336 0.09923981183336919 0.1012906588082587 
治国=0.1852358547894036 0.06558858877772182 0.08964096415621702 0.26327211956209123 0.23312113088881117 0.0873827939585896 0.07575854786716542 
对应=0.17077032835519868 0.07500831970149817 0.08029632458734112 0.22781914183746874 0.2407089949497527 0.10012316853233189 0.1052737220364087 
佼佼者=0.17002658281585833 0.10163940076683685 0.0659448418285277 0.21298610028894352 0.28542220695232384 0.09248682913932355 0.07149403820818616 
埋怨=0.18939841977215985 0.2055912621299364 0.11308322192023222 0.1478713876954278 0.1850880377479876 0.10619049908692 0.05277717164733612 
酣畅淋漓=0.1766055138656013 0.07686349371893011 0.06847594829861982 0.29314133269952175 0.2077605580360202 0.10072852766533398 0.07642462571597292 
订餐=0.2114732155859444 0.0935817160079837 0.10047791921663916 0.2504924120856637 0.19329683127627798 0.08672883291374932 0.06394907291374177 
