七零八落=0.339207940271385 0.19164010168201473 0.23996279517555189 0.10166360622870202 0.12752555664234635 
齐唱=0.21074516727139184 0.14256259231273954 0.12239839891026631 0.25175712784981 0.2725367136557922 
抽检=0.3865168480438027 0.19483568629184267 0.28557987449271616 0.05908910859442135 0.07397848257721713 
道德败坏=0.35926758426312166 0.12054549006017685 0.3855365318867405 0.05407543797320274 0.08057495581675826 
普法=0.23341818184995441 0.08989380107582932 0.22489178842926055 0.296214568366909 0.15558166027804665 
宠辱不惊=0.1990363594192081 0.15262946686916215 0.10953359891743501 0.2827012641188318 0.2560993106753629 
欣喜若狂=0.20113923093730265 0.1597456137287836 0.1285475604491083 0.2877707096514482 0.22279688523335725 
大声=0.2876822465587945 0.13037813297449888 0.2668207842723422 0.15610124315536522 0.1590175930389993 
寻觅=0.21013279568737656 0.16157511708365932 0.13538295458621685 0.23115248755868303 0.26175664508406427 
招收=0.20317788341809637 0.11305624968770293 0.13714227877148544 0.29476630738709325 0.2518572807356219 
虐杀=0.2775920952173612 0.16150499419196307 0.208061917070191 0.1887880237245764 0.16405296979590828 
欢喜=0.10591369454716237 0.22022475388032833 0.043324159470493145 0.2190452293886716 0.4114921627133445 
珠玑=0.16053551513912118 0.19847285968444364 0.11822330655503722 0.1895473129121774 0.3332210057092206 
垂询=0.180732370204766 0.09145938094274757 0.13784677001924053 0.32390928488740295 0.266052193945843 
勇往直前=0.18053406320793577 0.23684960234567654 0.027722908791003 0.22924731647014598 0.3256461091852386 
大张旗鼓=0.27879745915115733 0.02996106498864767 0.36179107124409077 0.14984051091350156 0.1796098937026027 
敬请=0.17796716388170514 0.1182447911018438 0.12792717388371785 0.2552346627284547 0.3206262084042786 
你追我赶=0.1865175881886622 0.15069421852279222 0.1399727250326743 0.25367727407829094 0.2691381941775803 
麻木=0.3133572311056201 0.27627011948781455 0.13363154758716406 0.12756453444409854 0.14917656737530288 
美满=0.14196973655371065 0.03597791582644873 0.19979062432501254 0.23179899605920803 0.39046272723562014 
不礼貌=0.26606237281502604 0.2201156917992239 0.24500733509166264 0.16434479955721631 0.10446980073687115 
命苦=0.33933846605159235 0.2706589446708622 0.23148727580162762 0.06998924572019008 0.08852606775572773 
保证=0.21776771906398165 0.048162762635082935 0.25255852726729316 0.20774658044898678 0.2737644105846555 
故地重游=0.1791340908123555 0.15746226513940106 0.11590543847581201 0.25923937654881996 0.2882588290236115 
迫不及待=0.20522908087745442 0.041147514974575645 0.23344385868018325 0.2632744917619796 0.256905053705807 
免得=0.2732099799971674 0.13136940447959955 0.2221733384024976 0.21102252086980988 0.16222475625092567 
绞尽脑汁=0.2762182868576319 0.20222071354089238 0.19262235429684896 0.16828407967432096 0.16065456563030583 
断章取义=0.30962718230705205 0.1378370759233426 0.3018719497555433 0.11775365408173878 0.13291013793232306 
泣不成声=0.19200914633576752 0.15198520724835696 0.11842196241664107 0.18453241079042215 0.3530512732088124 
自查=0.3071886482674077 0.3015273882686757 0.21866456239405221 0.06561434201686411 0.1070050590530003 
大大=0.18297490897975896 0.12790044924125338 0.13521030780219537 0.2283417416092566 0.3255725923675358 
好人=0.07124020049178754 0.22880673275091287 0.03376094616216045 0.19321803680764824 0.47297408378749095 
破罐子破摔=0.284826913521651 0.15688989698152225 0.22315675238450708 0.21694755986942985 0.11817887724288986 
逾越=0.2884068676686329 0.233619048953139 0.18823327634883064 0.1706411796799356 0.11909962734946174 
契合=0.2002126405835125 0.15711458763797617 0.12131173777453291 0.20694051401975685 0.3144205199842215 
太随便=0.2986890653997494 0.17217016228232077 0.31948635980288026 0.1302640304649639 0.07939038205008568 
靠不住=0.31679109904277186 0.21192642301475745 0.2626564678959529 0.09179063702641059 0.11683537302010721 
演变=0.26368385084895757 0.20267280038615204 0.1742087112043131 0.17479393025536955 0.18464070730520776 
运作=0.25720832733326265 0.06346877029743662 0.29462840099640514 0.17457859300495165 0.21011590836794394 
欣喜=0.19687407319703817 0.23418623460897955 0.036515253882934716 0.23515114458043646 0.2972732937306111 
宝贝儿=0.172810532967999 0.1526240003085444 0.10026395425145465 0.21293458743802152 0.36136692503398044 
缴税=0.27120784819057053 0.18730020637707656 0.15144526907453126 0.2261657118597264 0.16388096449809533 
冲动=0.11533599739001034 0.13886506731019277 0.18649925356632782 0.15478455067836933 0.4045151310550998 
迷雾=0.22066306431365676 0.17379670408267678 0.1321189470807677 0.18630719490035968 0.287114089622539 
至极=0.29747112546882937 0.08297872925270453 0.33955207262475534 0.12285629611174621 0.15714177654196443 
不可或缺=0.19656964361327772 0.1475819970397237 0.13112543666762683 0.1960467214408244 0.32867620123854735 
挂念=0.18318832875822327 0.25605690091891403 0.026458805846791028 0.20445875849499892 0.3298372059810727 
转学=0.26727617390058445 0.1646368362578949 0.1988347608587255 0.1656151526649562 0.20363707631783892 
多姿=0.14279196285671134 0.1305787022932501 0.11098102385104527 0.24093448343142512 0.37471382756756827 
宝刀不老=0.1769656403195068 0.12391708996973946 0.11623501289903809 0.23589480541821398 0.34698745139350173 
令人作呕=0.3746825984026436 0.1492245045209143 0.3357033526420832 0.05901651709923584 0.08137302733512312 
聚餐=0.19867386310685298 0.14878484298027597 0.11852107922250618 0.28039594906592646 0.25362426562443835 
下狠心=0.3114148036366606 0.19462422160564846 0.21874399473145406 0.14580532793823375 0.12941165208800323 
碾压=0.32751481827772766 0.1598477647218634 0.33548488144212235 0.0764994806173539 0.1006530549409328 
嘀咕=0.30674583983538334 0.2065875775207037 0.2061398306450345 0.14997741180038784 0.13054934019849065 
挂心=0.20631860184509734 0.16614299168356272 0.14103439586952507 0.2083930992068764 0.27811091139493854 
变革=0.21194630625536073 0.16012416101233232 0.1353980088222674 0.19401332722195744 0.298518196688082 
双飞=0.20452534877391804 0.1316465578843543 0.1590829184885154 0.26813506710184715 0.23661010775136515 
奖励=0.1969951897391499 0.028216274718116847 0.22662040956534923 0.2693858134081244 0.27878231256925956 
凹凸不平=0.32145985042231556 0.3646920255221953 0.22626149389717118 0.023143057814547955 0.06444357234376985 
侧重=0.1760260833603355 0.13078678486005801 0.11241892357161867 0.2234458469806986 0.35732236122728916 
敲诈=0.3035662300038328 0.15067531659054403 0.24052353402233587 0.17099246216721242 0.13424245721607495 
兼备=0.18408143294137444 0.14745058613522274 0.1242726551829378 0.2933624960219451 0.25083282971852 
呕血=0.34801417110835015 0.21188152337442964 0.2726751753050301 0.07844289672180328 0.08898623349038683 
喜悦=0.1809593251043002 0.24488269812037142 0.02237845674644241 0.24131499296572673 0.3104645270631592 
坚定不移=0.1945014506349572 0.1642327641440531 0.12945197554392004 0.21545896269823356 0.296354846978836 
脱线=0.2753383140172933 0.12464062456492378 0.18542790346019475 0.23599892807716216 0.1785942298804261 
防尘=0.1771005974774792 0.13753491668967813 0.12850284191975067 0.22819379439755658 0.3286678495155355 
温热=0.19284149767330486 0.14129700192782318 0.1297075151091058 0.2238544942593841 0.31229949103038207 
暧暧=0.17923428211201137 0.11685045547834215 0.122694247614461 0.24667786911600115 0.3345431456791843 
红豆=0.20818015465888903 0.14257366701972488 0.13921449998615473 0.23090281049221165 0.27912886784301977 
测试=0.18347864487428786 0.13763756030074836 0.11679175317813306 0.38742582156826566 0.17466622007856508 
间接=0.2887352490238075 0.3161289877041295 0.13991663589470535 0.12411817326218126 0.13110095411517644 
抗洪=0.3512700054191113 0.19035650118692216 0.27917309838278753 0.08042898288869497 0.0987714121224841 
马到成功=0.17622526958757656 0.12727861985509567 0.10974748484960245 0.28779203553869215 0.2989565901690333 
人道主义=0.2512969916276909 0.11550126992334353 0.26452630459788956 0.17173104987643498 0.19694438397464098 
脸皮厚=0.2842555661651893 0.15867292588293297 0.21259489618372446 0.22138412217178355 0.1230924895963697 
拱手=0.2718173483161263 0.20836472591499677 0.22296350437028864 0.13267103781926162 0.16418338357932658 
眼花=0.309063837307017 0.33523851666624566 0.10423525416056514 0.12481636066528164 0.12664603120089052 
奉命=0.2741940177306374 0.18414656535578366 0.14017819778787616 0.24583743539743053 0.15564378372827228 
巨人=0.06616172676990997 0.13383952355788784 0.1164184407793688 0.19844717791078686 0.4851331309820466 
羞涩=0.19270004318585246 0.023357639781859216 0.225057306650114 0.3314051347310288 0.22747987565114555 
笑脸=0.1863310683130921 0.14244839100087817 0.13029994740270756 0.2326450832890049 0.3082755099943173 
苦不堪言=0.3098523867673724 0.33523380021149546 0.15247318925386322 0.09496418444315745 0.10747643932411154 
腹痛=0.34286089091842137 0.23982912490589445 0.2093171550272146 0.08194820588985009 0.12604462325861956 
欢唱=0.17806522318185064 0.20836501529979026 0.03747362454892805 0.280593024275434 0.2955031126939971 
光彩=0.18075667394669961 0.13635818748766462 0.12634715653252218 0.2368592906137273 0.31967869141938626 
置身事外=0.2467782163231193 0.3071816052730299 0.1495464117209303 0.14811246199688935 0.1483813046860313 
奸人=0.29301493868398787 0.1253784246244368 0.38242442266283555 0.0940142247847437 0.10516798924399605 
测评=0.2612305448894912 0.1642523177098129 0.21240533599637168 0.17330234480115658 0.18880945660316747 
耐人寻味=0.2044002021143546 0.19897106947710513 0.13668137036869796 0.17376076007654737 0.286186597963295 
窘迫=0.26514061297281216 0.23033350382809545 0.1457044629982997 0.15241206686416636 0.20640935333662624 
易碎=0.2624252425462252 0.20165494253492322 0.1505113696285594 0.15375864200288272 0.23164980328740956 
践行=0.19193279055251725 0.1270880842112959 0.13206614959342178 0.26607425408969754 0.28283872155306755 
发自肺腑=0.22536940003368136 0.17932110491677014 0.14097445672541167 0.19059597819971524 0.26373906012442144 
奔命=0.3593988642032012 0.19645964148864806 0.22425288119718728 0.07956467251320601 0.14032394059775746 
无缘=0.2487112030921976 0.2934277239276811 0.102434702165854 0.17081802420024195 0.18460834661402536 
发飙=0.3532272228665672 0.08639906522192378 0.4187561945396326 0.07058283291491743 0.07103468445695911 
不对劲=0.3338231888215401 0.22821643326079477 0.20755565605925894 0.11531854033548578 0.11508618152292034 
着色=0.22996269557134782 0.1602772395476231 0.14846834557048744 0.17392218577831722 0.28736953353222444 
显现=0.2214475034980171 0.08055143042854912 0.24031219306762308 0.18535736353055077 0.27233150947525997 
节哀=0.2900786596315714 0.35639254736478204 0.1009415659447096 0.116427940341524 0.1361592867174129 
换取=0.2192375256382442 0.2831590949576972 0.04486467375549107 0.1994098860575042 0.2533288195910634 
塞牙=0.36481833716494766 0.24251526638775556 0.27975247221409416 0.0512319373232514 0.06168198690995135 
感激不尽=0.19690294841602918 0.1542454082246025 0.13529102332443357 0.20578218682223373 0.30777843321270104 
鼓舞人心=0.2005106313937558 0.13538952326355755 0.12909182959946908 0.22003020304206913 0.3149778127011484 
进食=0.2625780754267557 0.18994842320959093 0.17296877471390434 0.1810078631587835 0.19349686349096545 
绣花=0.2251084165581579 0.1402505178610921 0.19256763383602085 0.16366761719696457 0.2784058145477646 
挂彩=0.32196646242578214 0.23273365356668696 0.2178903119754544 0.12881808507143816 0.0985914869606383 
拒收=0.22902112965384333 0.0433660173520071 0.28610476824245384 0.1494612675872006 0.2920468171644951 
转嫁=0.3155269664744931 0.1497250491776434 0.29491415955283135 0.13635838037194753 0.10347544442308453 
轻声=0.19858085220628882 0.11576611655066042 0.17729177067485355 0.2244851957711873 0.2838760647970098 
冲击=0.27228574687019685 0.16753396006528853 0.2007131304734085 0.16543742251141197 0.19402974007969404 
欺压=0.32642016995142387 0.1651316836621047 0.26906874386486423 0.12191464506555312 0.11746475745605407 
活该=0.1607682897544586 0.1216425555948453 0.26047290089879305 0.14899668946949854 0.3081195642824044 
冻僵=0.3161924440817591 0.2600024407071898 0.19261057899618148 0.1055326297134786 0.12566190650139103 
掉价=0.3170887261781046 0.16184552329497995 0.18907269610363425 0.1535999001657409 0.17839315425754032 
招揽=0.24643187428743185 0.1487902550979685 0.1642479139960641 0.2609681225328324 0.17956183408570314 
不起眼=0.20804327195927266 0.06281145447098696 0.24980008723743957 0.20345430835190048 0.27589087798040024 
着花=0.20281784048825285 0.15319170444594785 0.13275101604751866 0.23181847131801472 0.2794209677002659 
闲散=0.21379842682258238 0.13365787193647163 0.14851617619832516 0.284322320155 0.2197052048876208 
大舌头=0.2624499720940489 0.07147603530802192 0.2839181695800456 0.21289374610690218 0.1692620769109813 
佳音=0.17812696596484862 0.12888289302105843 0.1243541018021172 0.2144066703035624 0.3542293689084133 
冷冷=0.2629599991091208 0.3031862267965307 0.07748562074749804 0.16515856963758963 0.19120958370926078 
驻扎=0.21183246321947471 0.16034119592522364 0.13439581450654703 0.21177482096713193 0.2816557053816227 
简略=0.1946652118095283 0.13000426753649513 0.12810760225616652 0.1935179629067904 0.3537049554910196 
洽谈=0.22650376146752252 0.11118446053726908 0.1256595918060374 0.2609101660784873 0.2757420201106837 
指引=0.19874479703487433 0.20204390837180586 0.08119018985505022 0.2236829925524141 0.29433811218585554 
几经周折=0.19864196818857138 0.1289012194983398 0.1471322918848869 0.2742492364557221 0.25107528397247986 
手痒=0.2933006946589111 0.2047018392049852 0.2032478875141462 0.17016682389521068 0.1285827547267468 
无话可说=0.3124627163428488 0.1972346371940504 0.2658963948266932 0.09856398641737056 0.12584226521903719 
献血=0.22583635895961884 0.05500916510574397 0.2611835909880118 0.2117887921648488 0.24618209278177652 
拥挤=0.2720939790190295 0.08266911863840307 0.2996765567900495 0.15923153950619534 0.18632880604632254 
出水芙蓉=0.2010023728766948 0.1393104346631934 0.12099739283429156 0.21853823727232202 0.3201515623534982 
近乎=0.2589543325613986 0.26831398262620804 0.10614878034340411 0.17285565027384464 0.1937272541951446 
冲刷=0.2028102016368999 0.14928579048421117 0.12895428994528543 0.19777625992001066 0.3211734580135927 
聒噪=0.34610632461767793 0.1960390173613915 0.2937765860406261 0.07479832571491435 0.08927974626539013 
反馈=0.3003428052617406 0.173795505596213 0.24649255687979396 0.12928556104214056 0.1500835712201119 
失声=0.3378691800110563 0.18600213510085303 0.2879266241781394 0.08366780371269968 0.10453425699725152 
抽查=0.3041419626016448 0.2631563301086794 0.21682305072096 0.10419646409602182 0.11168219247269408 
叫门=0.3423750277870576 0.23915990003794432 0.23052640221705345 0.10983530037925841 0.07810336957868626 
入室=0.3670188437203265 0.2163486779037113 0.2540594621320967 0.07226366107236064 0.09030935517150483 
地震=0.07676795707019356 0.14294978166656577 0.13348739074189722 0.17210504834615645 0.474689822175187 
登高=0.19915373985785156 0.13932561159428 0.13439712498544856 0.2751946078952185 0.2519289156672014 
凌乱=0.313228988831901 0.26100165078679993 0.14129384646108314 0.15256861215055037 0.13190690176966557 
只限=0.20111526552959383 0.1401793817169977 0.1343378437440965 0.2422041340241551 0.282163374985157 
手生=0.3029652172406786 0.18436331832330377 0.22633248335850006 0.14082693440635888 0.1455120466711587 
镂空=0.16789445695442265 0.13299964168301234 0.11944328357846727 0.20866896119635775 0.37099365658774 
大打出手=0.28532735594653375 0.12166515195779526 0.30324147789176165 0.16024020822879348 0.12952580597511584 
赛马=0.18309068324471647 0.11533976530232018 0.1272394509541942 0.28068286462853 0.29364723587023916 
立誓=0.23105657122909973 0.15034987274427392 0.19785539775823452 0.15740903149725594 0.26332912677113596 
模模糊糊=0.2821003643596362 0.1904070058527271 0.15579071535496294 0.20591031536900398 0.16579159906366983 
清理=0.27134032791557594 0.2515719962717034 0.10942895864488231 0.18300773014097052 0.18465098702686783 
大好=0.21337921725841716 0.1362495878237933 0.14666501362289994 0.26408971535418363 0.23961646594070588 
妄为=0.20574644377562368 0.18244135126857877 0.16902274627267228 0.12977404380442334 0.313015414878702 
八婆=0.34251084925821307 0.07384557048818217 0.4155678381911471 0.0755954990194459 0.09248024304301168 
变频=0.2300425647348088 0.1843180680856164 0.1153379696384787 0.18790054017768146 0.28240085736341464 
打球=0.26119152232462634 0.17854663807017562 0.17817201812115396 0.21215013157194748 0.16993968991209654 
波霸=0.22584539417589328 0.13084022260616357 0.15628608296565072 0.2862756222325735 0.20075267801971894 
冰冷=0.27165566214430587 0.30587762728279133 0.1021989079901273 0.1332931913054248 0.18697461127735074 
反客为主=0.28164769049584115 0.1673984783704823 0.261846234943027 0.10759066448586271 0.18151693170478678 
合得来=0.21252655168799015 0.18902053438210775 0.13505689226488163 0.195616018932244 0.2677800027327764 
稍纵即逝=0.1826194272145645 0.17121259482226914 0.14358950619398797 0.17969009362371874 0.32288837814545973 
晚点=0.3223866904574713 0.12120510537616425 0.3287074068281588 0.10608698464091625 0.12161381269728948 
授予=0.1888661423150709 0.0978342208185496 0.12978700801148504 0.44183150508004365 0.14168112377485076 
嘹亮=0.19522634458039734 0.13862971040733038 0.13086564588654545 0.20989127843119432 0.3253870206945326 
拦截=0.28759314324462476 0.18005318886024066 0.2229009732966952 0.15966677095432594 0.1497859236441134 
精一=0.22628959289260064 0.13159761123804628 0.1459790555922242 0.3596292235527935 0.13650451672433536 
冰凉=0.2702274665664901 0.22373012090096323 0.1701543890178746 0.1594602704523688 0.17642775306230316 
直说=0.3061859984228273 0.1385587087849768 0.25349547133533873 0.1376229256885277 0.1641368957683294 
风雅=0.16824262620707306 0.1158580364576374 0.11974687686903474 0.30401169222000096 0.29214076824625373 
外宾=0.32231598285248636 0.17203120381021128 0.23658818870538334 0.1768687351360533 0.09219588949586567 
慌慌张张=0.3085666992487301 0.2841806751842827 0.16633130501711646 0.14389042554673243 0.0970308950031383 
冠名=0.20117613624505673 0.11837088719515444 0.13494471537106423 0.2719407353391118 0.27356752584961286 
催熟=0.2749032821523879 0.23057464859606847 0.15316014371634123 0.16702407998136626 0.1743378455538362 
具备=0.20518603886804018 0.14128330402879874 0.15982205540199534 0.23331573999844496 0.26039286170272086 
犯不着=0.37340690356458417 0.16025339551718476 0.23293040555998676 0.11092476434769365 0.12248453101055075 
杰作=0.19774234958172973 0.21371869709460561 0.04579405023884881 0.30615135169380375 0.23659355139101212 
拥抱=0.17736261985989957 0.23876472518302155 0.04211240341066939 0.21374996566550983 0.3280102858808997 
匪夷所思=0.2846770759523666 0.19600547734680024 0.22019704391300132 0.1633650958088206 0.1357553069790113 
狗屁不通=0.3244602200610581 0.1704045794187374 0.3155275681755448 0.11132837192718345 0.07827926041747622 
续航=0.20245640298268033 0.11408432939960492 0.14590629987956388 0.30670620923655456 0.23084675850159622 
尽心尽力=0.1918963249840044 0.14058803112736126 0.1446169735054948 0.20750414624800012 0.31539452413513946 
赶集=0.2510985862598122 0.05473993389647204 0.31737567120674676 0.21307617498174375 0.1637096336552252 
拥护=0.2207342678398309 0.1401601464416709 0.12836678024756107 0.2254850725927086 0.28525373287822847 
自杀=0.32600362286154005 0.2853376820311221 0.168420026732075 0.11914834684746871 0.10109032152779424 
大起大落=0.23517369800116744 0.2794930830521381 0.05130957320556294 0.19223634839162607 0.2417872973495054 
衰=0.34282014378871173 0.23711029040822212 0.23474373030711596 0.0888330644798919 0.09649277101605828 
相识=0.1621162788358473 0.18180399178077744 0.07249483508034489 0.20923417754971396 0.3743507167533165 
沸沸扬扬=0.29464609883731924 0.17186240108908188 0.26599694388548983 0.15612032853431757 0.1113742276537915 
兴奋=0.21228196501434776 0.18126653417373076 0.09566138826575019 0.27345494526088604 0.23733516728528528 
冲凉=0.3106892625223255 0.10125121885043838 0.3112431721619846 0.1419711003177861 0.13484524614746546 
好似=0.2869952894165157 0.2752264669496441 0.13098681287198644 0.1562049901400558 0.1505864406217979 
奏响=0.16733365479754397 0.13550067122929946 0.11185859695706216 0.2012055577212038 0.38410151929489056 
天各一方=0.17670665444152303 0.14270259100194105 0.1314664245928526 0.18680633008533684 0.36231799987834645 
有害=0.29207620399646433 0.1032553572248259 0.27043499693155887 0.14399641602722593 0.19023702581992508 
体验=0.19341686742127218 0.15524702203888838 0.11102246988713037 0.24346998991276914 0.29684365073993985 
载客=0.2743788017219681 0.15303856547471223 0.18727870149836534 0.1510011672549864 0.2343027640499679 
道贺=0.19965517396059285 0.19714327663608577 0.13174134467580917 0.2015453602361468 0.2699148444913653 
锄草=0.3043844193800846 0.17158679737493238 0.20218025175781948 0.16657585568481176 0.15527267580235185 
现眼=0.27853827535999137 0.22700112385094673 0.18061909751070612 0.15805807069128322 0.15578343258707258 
五彩斑斓=0.15790207437090956 0.12129705775646764 0.11686328348123257 0.22410499473821635 0.3798325896531739 
暴晒=0.31494303063708506 0.19621068928411164 0.22716491125980376 0.13091314509956423 0.13076822371943533 
善意=0.2106453622148518 0.2794288523772898 0.05754732624550336 0.2039110903122415 0.24846736885011353 
注销=0.3095595106696762 0.19655766915193354 0.24170017495629872 0.11670039746977644 0.1354822477523151 
不善言辞=0.1713216612019433 0.19954892711343233 0.11598405100462408 0.17962193273869392 0.3335234279413064 
渣滓=0.3218675868089072 0.11100237972982137 0.37338133594391565 0.13478790220448342 0.05896079531287223 
老当益壮=0.1962019660080076 0.11429854169558938 0.14425643990252066 0.31555553175376216 0.2296875206401202 
商检=0.3303111348182358 0.1859750768735401 0.26195727348900405 0.09243393405918422 0.12932258076003578 
提心吊胆=0.31927306274426703 0.22386924066175554 0.2110258636495611 0.1183028223738806 0.1275290105705357 
否认=0.23841494794412146 0.07528791842862388 0.27256036962818536 0.18011831150547333 0.23361845249359595 
发问=0.20097638247769994 0.08654334257519186 0.2263992637692797 0.2138329170200308 0.2722480941577976 
黯然神伤=0.2419401452493938 0.2972433290475699 0.13177575248951742 0.14225507882564187 0.18678569438787704 
尽力而为=0.22168430060840147 0.14761360194377315 0.13207475810207578 0.21251680305614656 0.286110536289603 
拖后腿=0.2745032383615228 0.22982938414146217 0.17814802873605248 0.1512583876047494 0.16626096115621336 
释怀=0.2040707021856119 0.21145872052803472 0.08370086053379927 0.21487271149184442 0.28589700526070977 
过剩=0.29625575585172126 0.19817967264553182 0.21796329132099354 0.1392963795259999 0.14830490065575344 
大获全胜=0.18124777801440256 0.12264453958363455 0.12453710043858361 0.3112611693988714 0.260309412564508 
跌进=0.2845770756287182 0.20497283032279773 0.1416054983469415 0.18210087863512872 0.1867437170664139 
绿色=0.1959073986124653 0.23273697461732312 0.0439315713840725 0.24171585408121976 0.28570820130491925 
黑手=0.2475836814185205 0.13081341573051386 0.26831736414720114 0.17059160844872842 0.18269393025503605 
无耻=0.3324926027142229 0.06703395300019017 0.42452217496082095 0.08605017395190054 0.08990109537286545 
戏耍=0.2590469790076048 0.10234132751364818 0.23184766971379103 0.13401808859270292 0.27274593517225315 
逃难=0.2788296420203739 0.2028924832949101 0.17045352256021631 0.21579744542088575 0.13202690670361403 
损坏=0.31753665101433665 0.09139727808870679 0.33627969482637377 0.13182720189369998 0.12295917417688283 
破戒=0.27652565935125034 0.22742467629079346 0.1855415967441697 0.14534894808839843 0.1651591195253881 
逼近=0.27626263689992614 0.2065203809873887 0.19083810388084083 0.14905436181274026 0.17732451641910407 
侮辱=0.34462510308116434 0.05820817766910109 0.44603775671402396 0.07607725404948368 0.07505170848622697 
无聊=0.3063661648296251 0.2327973166295425 0.19511130952517441 0.13879906731540664 0.12692614170025138 
隐匿=0.2019251013023801 0.14405092034129677 0.11901679731640855 0.2346612773305396 0.30034590370937514 
招来=0.27228263958128074 0.16603575541407806 0.20264204582278583 0.2204650507680112 0.13857450841384417 
演出=0.1909596133543701 0.1489164518531013 0.11441074864940001 0.2477292099297874 0.2979839762133412 
肿么了=0.34354679433410973 0.2452594524974129 0.22166924012151562 0.09422799003416045 0.09529652301280134 
跑车=0.23847682022332692 0.04488397950255312 0.2721979125722865 0.2232331975767327 0.22120809012510073 
吃透=0.20601558296314154 0.13993485905641345 0.12306919451395305 0.22414878931549295 0.30683157415099904 
夸大=0.2970937817619913 0.16140233408766821 0.25766939815049583 0.10743570232837286 0.17639878367147174 
喜庆=0.1809774019724836 0.12440841572307092 0.12698955654456948 0.29401858804904124 0.27360603771083464 
接地气=0.19959168940943453 0.13949391961191168 0.15605276962098288 0.20136888399918945 0.30349273735848137 
超额=0.21804773303246033 0.13020735976787232 0.15086054780079045 0.24049685655923858 0.26038750283963835 
打盹=0.270820468944639 0.22931975166312554 0.17063500261894043 0.14567066363074116 0.1835541131425539 
小视=0.22918466473466217 0.13512231626781684 0.16369782674048536 0.1702346245670641 0.3017605676899715 
收银=0.2617681837568397 0.25262818454082364 0.11605967097935241 0.1973124908233412 0.17223146989964305 
目视=0.20993168807183987 0.30854837428856097 0.03652262573218614 0.21246529541563372 0.23253201649177932 
和美=0.1871751967506531 0.12759877040885934 0.1345412300195086 0.2500221308778048 0.3006626719431742 
埋葬=0.24547688937547804 0.3308843649768409 0.07997893198491017 0.1438131381735167 0.19984667548925422 
不打紧=0.26922602336685025 0.17436618696791592 0.15328366090958026 0.20023391017865597 0.20289021857699768 
拍案=0.19089278266274878 0.12568699798575678 0.13272352584772337 0.28198897880824664 0.2687077146955243 
精神病=0.3164943555397038 0.17530001657372624 0.22222319390245024 0.1683511735161055 0.11763126046801416 
弥足珍贵=0.181820552623243 0.17195749602257684 0.11460851243994567 0.22407110506381644 0.307542333850418 
驾御=0.15882965101989382 0.10532612095895989 0.13218472680864127 0.29701276953786065 0.3066467316746443 
挺身而出=0.2149075064228555 0.23336638674070753 0.05813864725657559 0.21813802144467564 0.27544943813518574 
还债=0.3008142294025253 0.22894259712991302 0.2099118135036862 0.12811905469791715 0.13221230526595826 
元帅=0.20051383752377064 0.11754549901827815 0.15100635031364043 0.3043747467966446 0.2265595663476662 
鸟瞰=0.21192715244562524 0.11962628667917033 0.1832566748897205 0.19922810139924801 0.28596178458623595 
致敬=0.1907920187813963 0.1275670312625127 0.13393296640065797 0.19865968969553285 0.34904829385990027 
小觑=0.1977167018085827 0.18147390250999715 0.1574384449486573 0.2682456405736501 0.19512531015911277 
人杰地灵=0.18638494527744204 0.12166287271311088 0.1190123820915947 0.291029579071654 0.28191022084619843 
缠绕=0.24580277795104968 0.2984690054662704 0.05230459228794949 0.1869365333450439 0.21648709094968652 
奢华=0.17379510667641 0.22805744602873276 0.032466810270265815 0.20172459428573553 0.36395604273885585 
进修=0.20233734629661637 0.27358746933114575 0.0417324334977164 0.23691712070036072 0.24542563017416066 
问长问短=0.37811124737841395 0.13673380019220757 0.4358751822602075 0.015280386772021846 0.033999383397149106 
遇人不淑=0.28254566899467215 0.17023801991182533 0.2528143159045662 0.13668772173390784 0.15771427345502845 
锦绣=0.21635675187574002 0.1394579767625273 0.1605142199954068 0.21807141066386987 0.26559964070245606 
臣服=0.19251444906287454 0.13011603984884842 0.13757023625967196 0.30068986654324104 0.23910940828536398 
舌战=0.20722611347537276 0.14861226488007864 0.1514304383204148 0.18369785337159963 0.3090333299525341 
别无选择=0.024201374086334104 0.11915655760652138 0.11718268915156034 0.17404730761268397 0.5654120715429003 
出冷汗=0.365594869350553 0.29800473881356915 0.20079858288453475 0.066236033500159 0.06936577545118405 
捉奸=0.28404543744060107 0.0627413636940358 0.29089882327442096 0.21451358985516797 0.14780078573577418 
自是=0.19429200269480312 0.1294955211375815 0.13417250346358717 0.25478801573248944 0.28725195697153877 
岂有此理=0.3672321854223132 0.14868850977857218 0.3709057200518291 0.04495255158838569 0.06822103315889995 
过分=0.34261179575293554 0.0728167118277546 0.4401316919588795 0.0659528435050963 0.07848695695533416 
探亲=0.19215315046948722 0.153490763260636 0.13139820737033794 0.2421389384124862 0.28081894048705264 
扣留=0.28648098736305144 0.20115637380089058 0.30086700348783335 0.0894248024677973 0.12207083288042735 
偷盗=0.2969049498106471 0.11953296015597958 0.2926144324907207 0.10185232348804403 0.1890953340546087 
嘻皮笑脸=0.2670028384707695 0.2089709969685733 0.25020845444555 0.10804660187210956 0.16577110824299762 
不落俗套=0.1727751361373066 0.12846497326982903 0.11727520413702662 0.2175585618534222 0.3639261246024155 
推心置腹=0.1911592113867648 0.26164989931379296 0.15540163199801818 0.12386250888763732 0.26792674841378666 
穷乡僻壤=0.3995716769667659 0.2465802563531185 0.26786115170052444 0.044032640216234015 0.04195427476335717 
缠绵=0.18655356283754995 0.18852231106196127 0.13076311551450762 0.19553922697174292 0.29862178361423813 
偷看=0.26810879924836745 0.13895100389555043 0.22225514331231944 0.21268690686211864 0.15799814668164402 
聚集=0.21606561335326885 0.0450250755235436 0.2518989988443223 0.21918131678953534 0.2678289954893298 
合适=0.20976968229466092 0.1859127849627425 0.10434831207851177 0.23853439031486312 0.2614348303492217 
最差=0.30528753656606433 0.19080190504752162 0.23077532966631073 0.14317334338347512 0.12996188533662828 
粘合=0.2265805402430558 0.1520070084821919 0.1279473380821355 0.22495109413842027 0.26851401905419664 
迈出=0.19619938663984707 0.14306291748715544 0.12109127807126228 0.23305186390189103 0.3065945538998442 
扒皮=0.28400933578482124 0.15710536702606936 0.2167968554111457 0.21510730694119853 0.12698113483676515 
欢呼=0.19007052330842453 0.03155609310058566 0.21988558749991657 0.27559916731670414 0.28288862877436916 
无能=0.33130534358936886 0.10371864569637354 0.37410577931940664 0.0828065065724388 0.10806372482241229 
耐性=0.3328528322026197 0.09330708560145591 0.404271809547019 0.0731263439567323 0.09644192869217308 
自惭形秽=0.24619207955624406 0.3534708786255009 0.15221351084020432 0.1206713028885043 0.1274522280895466 
随和=0.21665694769317292 0.14754593404661137 0.1420892365735946 0.21331639555243098 0.28039148613419 
高唱=0.1888091843172968 0.12362712903371155 0.13429357996674116 0.2955767117209716 0.25769339496127897 
夫子=0.23408092743518968 0.1332782224627676 0.14988347875818414 0.2794413549571278 0.20331601638673075 
联防=0.2988307169974068 0.030539645434546382 0.3772401482519581 0.17205573215966904 0.12133375715641961 
连任=0.27034269556020846 0.1262656970935213 0.24852965911495634 0.16065369329353715 0.19420825493777683 
打的=0.28947356427922855 0.11471067200051199 0.2736197492359787 0.16775917349669509 0.15443684098758556 
健硕=0.19337969676006145 0.12000368073040191 0.15153182937484513 0.2236205830679946 0.31146421006669694 
不发达=0.33400869570118735 0.21084007668913554 0.23804391574487252 0.09924471732054016 0.11786259454426447 
展翅=0.1816849485267506 0.13426185601811838 0.12132600231876131 0.25036392083843717 0.31236327229793254 
改错=0.3246001506075361 0.31502245241742144 0.16558571521666451 0.08154811075006717 0.11324357100831073 
hiahia=0.2000765919220259 0.12835298321676955 0.13484951690999245 0.28657366079142416 0.250147247159788 
飞来横祸=0.3941752233089267 0.24647387672550247 0.2746746824626709 0.03143466099349318 0.05324155650940682 
冥冥=0.2127860141573833 0.16362049173575058 0.12936246492914436 0.21685964518917925 0.2773713839885426 
崭新=0.18261698368709378 0.19899030411965846 0.06599536905698289 0.2442854293394162 0.30811191379684877 
说不过去=0.26786546695644947 0.17180549756234947 0.18655746819093416 0.1700278672832997 0.20374370000696718 
说实话=0.24649685387442605 0.27417521211743945 0.08266613489101536 0.18278472777509855 0.2138770713420206 
还魂=0.3219557624541195 0.23036079200508097 0.18998109787490505 0.12699799793407493 0.13070434973181955 
扎眼=0.26405606954345673 0.1297410450131689 0.2761550383324854 0.1785092160663982 0.15153863104449095 
戳穿=0.3024791357908562 0.18327665465553453 0.2284677924401726 0.13817101694550168 0.14760540016793494 
大寿=0.1536335296003785 0.11823740103177907 0.11489080951988258 0.24005991239823954 0.37317834744972034 
听话=0.19413242947251222 0.13960449230365493 0.13983397237050232 0.21710721324214421 0.30932189261118626 
老成=0.26621085037643244 0.18619661188921105 0.20941328054799702 0.1815100939767613 0.15666916320959817 
反面=0.2639829732065739 0.1433880895107087 0.22992108509383555 0.1896099865658712 0.17309786562301063 
和和睦睦=0.16155338554190182 0.12084020724389027 0.10684683093414121 0.24979063247692834 0.3609689438031383 
难以=0.27979085538131476 0.26178277701278624 0.14937949430115746 0.12795503722191676 0.181091836082825 
瞌睡=0.31657036552775236 0.23071737837022693 0.21288029635811834 0.11755052765457749 0.12228143208932486 
冻伤=0.26181387930266425 0.3035239751647322 0.21031295734909744 0.10471807284026922 0.1196311153432369 
直视=0.2087759443975669 0.20195449115151543 0.15019669923557757 0.14158808852477722 0.29748477669056295 
迈入=0.1734251900842138 0.13419616353296063 0.11747345445336424 0.21274215595564266 0.36216303597381866 
受阻=0.3186969161835737 0.21813327541793695 0.20755059007882526 0.10981398616830376 0.14580523215136026 
德艺双馨=0.18929152865329194 0.12780614525485012 0.13126936070142808 0.28140024511721773 0.27023272027321205 
登顶=0.18229460699556724 0.12865457553018658 0.12740671062190356 0.26176315276813966 0.2998809540842028 
闲杂=0.26873094382506363 0.12800955457238658 0.23592448433353547 0.23796693440595107 0.1293680828630633 
难于=0.32613584494010045 0.2247899848460532 0.2643310209131202 0.07015758273223607 0.11458556656849012 
懂行=0.20933263264066257 0.1222152642079409 0.13555284541048673 0.27793669205147065 0.254962565689439 
培育=0.18458442750820608 0.1208337623312677 0.12901409201676314 0.23931639637868865 0.32625132176507443 
盗贼=0.27225039897389036 0.18328165109267583 0.19627947505296042 0.17607541242302494 0.17211306245744845 
躲猫猫=0.25456916937838353 0.11895953511952126 0.16046128055347098 0.27383220356656107 0.19217781138206314 
发霉=0.33164594350330506 0.1274436943909066 0.32522838089633216 0.10307225048946324 0.11260973071999292 
明摆着=0.3123193213852715 0.10338149476068988 0.4116753156075298 0.07224307176062207 0.10038079648588688 
直观=0.18856105529273393 0.12778489435151175 0.13185792184937448 0.2471695137910285 0.30462661471535124 
罪孽深重=0.3099073751199644 0.32611636146736417 0.20435441087114037 0.06217544717266293 0.09744640536886814 
听课=0.28480546949607705 0.2738798537789485 0.10618929669408643 0.17784795603930703 0.1572774239915811 
进驻=0.20403407970445775 0.12645663055879106 0.1335073308608089 0.26372017106325224 0.27228178781269 
长生=0.1746279536168518 0.12700725075452388 0.14714271415434368 0.21238659998831552 0.33883548148596515 
次品=0.29934025070158443 0.1647079688888576 0.32261110637144585 0.09669064329116733 0.11665003074694473 
阴影=0.30615250785648995 0.31490824948477564 0.11033256143389554 0.12286376467945662 0.14574291654538218 
喝彩=0.1785758182995158 0.12346201707931645 0.11862645617726597 0.23897094857946322 0.3403647598644386 
编织=0.16889366888831558 0.138822820414959 0.1200548888907557 0.203105658705229 0.3691229631007407 
审问=0.27757913187584243 0.17871960515702148 0.17300064160938267 0.24082282608442618 0.12987779527332727 
瞑目=0.08310780260314651 0.12284933085485458 0.12245548399280687 0.21120772305529714 0.4603796594938948 
盗走=0.06690368404809877 0.13280455857253826 0.11554296164053134 0.1653146185805371 0.5194341771582945 
郁结=0.2988356209863754 0.19823168949934533 0.21950934577776285 0.12778654974024517 0.15563679399627123 
追随=0.19110675145296468 0.23267378252288518 0.037865402935056434 0.25996933399135413 0.27838472909773965 
痛痛快快=0.2696958673060661 0.16397781490816155 0.21869289438536738 0.14936355978383725 0.19826986361656773 
道谢=0.22223967193519267 0.1382233323110437 0.15120179369783035 0.22019650737623483 0.26813869467969836 
难产=0.31393472097163405 0.28277281164228246 0.1541148487806692 0.09959883049255727 0.14957878811285694 
胡子拉碴=0.2688544586383699 0.24968848479653388 0.15683426522618424 0.14411584968250704 0.1805069416564049 
不能容忍=0.2759913807263782 0.13334407940581455 0.2580377810173713 0.15233759791767726 0.1802891609327588 
瞎眼=0.3555493634487601 0.15828023844055567 0.2742390689889043 0.10290399952746801 0.10902732959431184 
误人子弟=0.3336771590878075 0.14968030748907155 0.34420267995943443 0.08957247310008973 0.08286738036359667 
坐镇=0.19495233115886382 0.12543393525841773 0.13065577788569946 0.2620397984477088 0.28691815724931025 
狡辩=0.3121569245212642 0.15111238329251764 0.32104181995173253 0.11719461786135074 0.09849425437313486 
堪称=0.21692049126592663 0.1433093941530367 0.1402757503833305 0.21004232491703484 0.2894520392806712 
审阅=0.2719718191771743 0.15650659229775568 0.19072724542964814 0.16447084459584382 0.21632349849957797 
坦坦荡荡=0.21492842046735716 0.147519686023239 0.1435331588775962 0.20144001657618357 0.292578718055624 
兴国=0.03567971243003515 0.11880737521045934 0.11096882430581162 0.18270428063407493 0.551839807419619 
空降=0.19133227942410957 0.12755558438708045 0.13160080754609266 0.2871787567435454 0.262332571899172 
温润=0.1673458666770681 0.1273855103887572 0.1188348270159204 0.21942638488886526 0.36700741102938905 
随同=0.19715368576068756 0.14011039000016148 0.11544856506348634 0.21079219571034782 0.3364951634653169 
滑头=0.2164383760093705 0.16142099312593386 0.1362423048508254 0.21427226476872704 0.27162606124514327 
扣球=0.27351474642862705 0.10121563939461685 0.2703477697138223 0.16602590866229427 0.1888959358006396 
直言=0.25595406238873275 0.33050933437236474 0.06244614966815893 0.15357063634727752 0.19751981722346604 
限定=0.19907028683640496 0.22407505512811293 0.06597215114498188 0.2011693915649287 0.30971311532557144 
夸奖=0.19730320093396364 0.12571608513861318 0.13286979855646835 0.2719193685512919 0.27219154681966296 
组装=0.21343407897210473 0.2241884039596813 0.053275820756547305 0.2632273140391526 0.24587438227251399 
重建=0.26809203931350306 0.14664918564837667 0.23418319780970884 0.1323732148244867 0.21870236240392474 
起飞=0.26834046943138445 0.25622712572305306 0.09955981311192813 0.1882776268309383 0.18759496490269606 
渴求=0.22622016685888754 0.3214388841370512 0.0467741823593438 0.17990204224765682 0.22566472439706065 
跃进=0.23179068955857532 0.1277851166283906 0.15466460881744215 0.3462559311220675 0.13950365387352442 
酸楚=0.20216079915727259 0.4137217303837469 0.034908124765376136 0.15124110152488168 0.1979682441687225 
独占鳌头=0.16791533028737785 0.11213017265646107 0.11826884827964261 0.2927426427166212 0.3089430060598974 
破损=0.2895530057230485 0.18050584523451702 0.21900658279662175 0.14963676770233483 0.1612977985434779 
后退=0.2615408096106691 0.3061214228272358 0.097260833958609 0.14705263877175906 0.18802429483172695 
天高地厚=0.17849025872418292 0.12894130884602195 0.12444127601669358 0.2085597792235337 0.3595673771895678 
斜视=0.2820502552698758 0.2085963932315943 0.22967068007449087 0.16383836874001464 0.11584430268402432 
受难=0.18375577016728553 0.1484329242786663 0.1277268980386508 0.1896702697573651 0.3504141377580322 
滔天=0.2985473320163246 0.15433462457624345 0.2953702189517228 0.12157574357263048 0.1301720808830787 
生死之交=0.1986182306361959 0.14137397994473686 0.11277193681683015 0.31388928512137215 0.2333465674808649 
拍板=0.26746505996541764 0.12990312284798056 0.1946597950590671 0.22142248055674782 0.18654954157078688 
还价=0.3115310070641525 0.15369479361339647 0.17663676034113493 0.18275928928609594 0.17537814969522017 
蒙骗=0.32646175221088997 0.20844568799536853 0.2128342621609261 0.1586811284427456 0.09357716919006975 
退隐=0.18055181678838203 0.20697643507199523 0.12694893623484288 0.20659683534198064 0.2789259765627991 
天子=0.032332961500282996 0.1147254740275644 0.1253915396999838 0.18366497902801696 0.5438850457441519 
齐全=0.20221854002917272 0.12190116273404568 0.14900547076400808 0.2605343427731149 0.2663404836996586 
流言=0.20890932563271067 0.18369187507112783 0.162867455581872 0.16435435540885743 0.2801769883054322 
清爽=0.18624658515880654 0.21700174108355913 0.03698531499653992 0.24581846716339778 0.31394789159769654 
明知故犯=0.23760809780976694 0.2661408458085188 0.16925277886326895 0.10276911403450958 0.22422916348393565 
拮据=0.2690694567237544 0.2909015283170006 0.18603425409597102 0.1099103693518547 0.14408439151141933 
